services
READING CH mux 1 ch 0
54608
36606
54608
36607
54608
43690
36606
54608
54608
37662
READING CH mux 1 ch 1
54612
40682
54612
54608
54608
54612
54612
43690
54612
38894
READING CH mux 1 ch 2
54612
54612
54612
54612
40958
54612
40703
54612
43690
54612
READING CH mux 1 ch 3
54612
43690
43690
54608
38911
38911
38911
54612
40917
54608
READING CH mux 1 ch 4
640
42
373
0
0
640
373
234
384
341
READING CH mux 2 ch 5
15829
21840
16381
18263
21844
21844
21840
18262
18263
21844
READING CH mux 2 ch 6
21844
16373
21844
21844
18261
21844
21844
21844
21844
21844
READING CH mux 2 ch 7
15829
15018
21840
18262
16107
27296
21844
21844
18262
19478
READING CH mux 3 ch 1
340
320
0
0
0
10
186
426
0
151
