services
READING CH mux 1 ch 0
21824
21824
21840
14327
21840
14165
21840
14165
21840
14325
READING CH mux 1 ch 1
16384
16384
5883
5102
16384
8864
10400
16384
16384
16384
READING CH mux 1 ch 2
648
1024
148
0
256
469
320
0
0
320
READING CH mux 1 ch 3
16384
16448
7191
7191
10922
16384
7191
7191
16464
16640
READING CH mux 1 ch 4
0
0
0
320
426
190
0
320
341
0
READING CH mux 2 ch 5
21840
15861
19478
21844
41088
21845
21844
21844
21844
16341
READING CH mux 2 ch 6
15018
21844
15701
21844
19478
16107
17749
16381
21844
34944
READING CH mux 2 ch 7
14165
27304
19478
27296
21844
27296
21844
34944
21844
19478
READING CH mux 3 ch 1
256
341
186
238
340
416
640
0
340
416
